%YAML:1.0
imu:
  # inertial sensor noise model parameters (static)
  gyroscope_noise_density: 0.02       # [ rad / s / sqrt(Hz) ]
  gyroscope_random_walk: 0.0002       # [ rad / s^2 / sqrt(Hz) ]
  accelerometer_noise_density: 0.2    # [ m / s^2 / sqrt(Hz) ]
  accelerometer_random_walk: 0.002    # [ m / s^3 / sqrt(Hz) ]
  accelerometer_bias: [0.0, 0.0, 0.0] # acc bias prior
  gyroscope_bias: [0.0, 0.0, 0.0]     # gyro bias prior
  extrinsic:
    q_bi: [ 0.0, 0.0, 0.0, 1.0 ] # x y z w
    p_bi: [ 0.0, 0.0, 0.0 ] # x y z [m]
  noise:
    cov_g: [
      2.8791302399999997e-08, 0.0, 0.0,
      0.0, 2.8791302399999997e-08, 0.0,
      0.0, 0.0, 2.8791302399999997e-08]
    cov_a: [
      4.0e-6, 0.0, 0.0,
      0.0, 4.0e-6, 0.0,
      0.0, 0.0, 4.0e-6]
    cov_bg: [
      3.7608844899999997e-10, 0.0, 0.0,
      0.0, 3.7608844899999997e-10, 0.0,
      0.0, 0.0, 3.7608844899999997e-10]
    cov_ba: [
      9.0e-6, 0.0, 0.0,
      0.0, 9.0e-6, 0.0,
      0.0, 0.0, 9.0e-6]

cam0:
  # camera0 wrt. body frame
  T_BS:
    cols: 4
    rows: 4
    data: [-0.00571443, -0.99996476, -0.00614978, 0.03953153,
         -0.99998124,  0.00570076,  0.00223937, 0.00761539,
         -0.00220424,  0.00616246, -0.99997858, -0.00608567,
          0.0,         0.0,         0.0,         1.0]
           
  resolution: [752, 480]        # resolution of camera
  camera_model: pinhole         # camera model
  distortion_model: radtan      # distortion model
  intrinsics: [592.9800802803894, 592.5179298475871, 379.2391515458381, 235.44718988400342] # fx, fy, cx, cy
  camera_distortion_flag: 1      # use distortion model or not
  distortion: [0.18286512519218567, -0.38976274663137556, -0.0012785745645126157, -0.0003498835431035534] # k1, k2, p1, p2
  camera_readout_time: 0.0      # camera readout time
  time_offset: -0.030              # camera time delay wrt. IMU
  extrinsic:
    q_bc: [    -0.70508216,  0.70911807,  0.00296207, 0.001391] # x y z w
    p_bc: [0.03953153,0.00761539, -0.00608567] # x y z [m]
  noise: [
    0.5, 0.0,
    0.0, 0.5] # [pixel^2]
